# 26. Convert the temperature readings 32, 68, 14, 0, 113, 104, and 198 degrees Fahrenheit to Celsius using the formula C = 5/9 * (F - 32). How can you apply this conversion in a vectorized manner in R?

Fa <- c(32, 68, 14, 0, 113, 104, 198)

C <- 5/9 * (Fa- 32)
C
